[0] 3 6 11
[1] 2 4
[2] 7 12
[3] 9 8
[4] 10 5 14
[5] 15 19 17
[6] 16 21 23
[7] 22 27 26
[8] 24 30 28
[9] 20 25 31
[10] 29 32 33
[11] 34 35 37
[12] 38 40 42
[13] 39 41 43
[14] 44 46 45
[15] 47 48 49
[16] 50 52 51
[17] 53 54 55
[18] 57 56 58
[19] 59 60 61
[20] 62 63 64
[21] 65 66 67
[22] 68 69 70
[23] 71 72 73
[24] 74 75 76
[25] 77 78 79
[26] 80 81 82
[27] 83 84 85
[28] 86 87 88
[29] 89 90 91
[30] 92 93 94
[31] 95 96 97
[32] 98 99 45
[33] 46 59 53
[34] 54 61 66
[35] 72 74 77
[36] 87 88 90
[37] 92 94 96
[38] 97 99 93
[39] 55 58 62
[40] 63 65 68
[41] 69 73 75
[42] 80 81 83
[43] 84 86 89
[44] 91 97 53
[45] 56 78 86
[46] 57 82 92
[47] 99 67 69
[48] 70 73 80
[49] 84 87 93
[50] 54 68 94
[51] 75 96 87
[52] 56 71 84
[53] 74 78 82
[54] 88 92 79
[55] 61 62 73
[56] 82 92 88
[57] 74 82 90
[58] 79 84 91
[59] 55 72 87
[60] 91 82 84
[61] 60 77 79
[62] 84 81 82
[63] 85 79 72
[64] 69 93 91
[65] 84 89 76
[66] 88 96 79
[67] 74 84 67
[68] 77 88 74
[69] 79 83 91
[70] 80 85 94
[71] 88 93 86
[72] 79 90 94
[73] 82 85 91
[74] 78 76 93
[75] 83 89 92
[76] 81 91 88
[77] 82 89 95
[78] 87 82 79
[79] 88 86 95
[80] 90 93 99
[81] 85 89 94
[82] 76 87 89
[83] 90 84 95
[84] 82 88 93
[85] 89 85 97
[86] 94 90 98
[87] 91 97 93
[88] 99 98 90
[89] 95 89 94
[90] 91 95
[91] 87 90
[92] 99 93
[93] 92 91
[94] 95
[95] 94
[96] 97
[97] 96
[98] 94
[99] 2
